h: 0.01
xi step: 0.001
xi: 0.1392851562500001
+----------------------+------------------------+------------------------+--------------------+
|          z           |          u_p           |           u            |         F          |
+----------------------+------------------------+------------------------+--------------------+
|          0           | 2.8051367738329683e-06 | 3.907139138459462e-07  |         0          |
|         0.01         | 2.8051366671966588e-06 | 3.9069638688218237e-07 | 112.6734732187153  |
|         0.02         |  2.80513506765232e-06  | 3.9064380565231934e-07 | 225.34933243080874 |
|         0.03         | 2.8051281362997184e-06 | 3.905561691163078e-07  | 338.02969251146135 |
|         0.04         | 2.805109475015856e-06  | 3.9043347580743415e-07 | 450.7161260831536  |
|         0.05         | 2.8050701266051685e-06 | 3.9027572420377206e-07 | 563.4093923355357  |
| 0.060000000000000005 | 2.804998575178028e-06  | 3.900829132587052e-07  | 676.1091658148041  |
|         0.07         | 2.8048807469257573e-06 | 3.898550430834428e-07  | 788.8137652181538  |
|         0.08         | 2.8047000115084567e-06 | 3.895921157812335e-07  | 901.5198822721487  |
|         0.09         | 2.8044371843199425e-06 | 3.8929413643311233e-07 | 1014.2223108255195 |
| 0.09999999999999999  | 2.8040705299422175e-06 | 3.8896111423491334e-07 | 1126.913676348908  |
| 0.10999999999999999  | 2.8035757671498283e-06 | 3.885930637851017e-07  | 1239.5841661063712 |
| 0.11999999999999998  | 2.8029260758725474e-06 | 3.881900065227387e-07  | 1352.2212603460027 |
| 0.12999999999999998  | 2.802092106572713e-06  |  3.87751972314581e-07  | 1464.8094649497161 |
| 0.13999999999999999  | 2.8010419925415423e-06 | 3.8727900118992966e-07 | 1577.3300460849728 |
|         0.15         | 2.7997413656665273e-06 | 3.867711452213711e-07  | 1689.7607675138372 |
|         0.16         | 2.798153376269759e-06  | 3.8622847054899127e-07 | 1802.0756313369807 |
|         0.17         | 2.796238717664741e-06  | 3.856510595449828e-07  | 1914.2446230818464 |
| 0.18000000000000002  | 2.7939556561266402e-06 | 3.8503901311479936e-07 | 2026.2334621847326 |
| 0.19000000000000003  | 2.7912600670182544e-06 |  3.84392453130137e-07  | 2138.003359065572  |
| 0.20000000000000004  | 2.7881054778609763e-06 | 3.8371152498802995e-07 | 2249.5107801510935 |
| 0.21000000000000005  | 2.784443119186839e-06  | 3.8299640028923824e-07 |  2360.70722236611  |
| 0.22000000000000006  | 2.780221984053993e-06  | 3.822472796278703e-07  | 2471.5389987830176 |
| 0.23000000000000007  | 2.7753888971538987e-06 | 3.814643954828257e-07  | 2581.947037295179  |
| 0.24000000000000007  | 2.7698885944838365e-06 | 3.8064801520015866e-07 | 2691.8666943594594 |
| 0.25000000000000006  | 2.763663814602873e-06  | 3.797984440538558e-07  | 2801.227586035392  |
| 0.26000000000000006  | 2.756655402533281e-06  | 3.7891602837079354e-07 | 2909.9534387315884 |
|  0.2700000000000001  |  2.74880242741194e-06  | 3.780011587037967e-07  | 3017.9619622522127 |
|  0.2800000000000001  | 2.740042315037683e-06  | 3.770542730347704e-07  | 3125.164747915435  |
|  0.2900000000000001  | 2.730310996500416e-06  | 3.760758599878305e-07  | 3231.4671946893445 |
|  0.3000000000000001  | 2.7195430741155037e-06 | 3.750664620302312e-07  | 3336.7684664560884 |
|  0.3100000000000001  | 2.7076720059225484e-06 | 3.740266786366931e-07  | 3440.961483668929  |
|  0.3200000000000001  | 2.694630310040263e-06  | 3.729571693905025e-07  | 3543.9329528061094 |
|  0.3300000000000001  | 2.680349790198087e-06  | 3.718586569924957e-07  | 3645.5634371460824 |
| 0.34000000000000014  | 2.664761783790226e-06  | 3.707319301468006e-07  | 3745.7274724866666 |
| 0.35000000000000014  | 2.6477974338172028e-06 | 3.695778462900094e-07  | 3844.293731501539  |
| 0.36000000000000015  | 2.629387986093519e-06  | 3.6839733412834106e-07 | 3941.1252404661905 |
| 0.37000000000000016  | 2.6094651131056154e-06 | 3.671913959453646e-07  | 4036.0796520867893 |
| 0.38000000000000017  | 2.587961265900935e-06  | 3.659611096410394e-07  | 4129.009578123542  |
|  0.3900000000000002  | 2.5648100553742354e-06 | 3.6470763046124196e-07 | 4219.762985409031  |
|  0.4000000000000002  | 2.539946664289361e-06  | 3.634321923756455e-07  |  4308.18365871509  |
|  0.4100000000000002  | 2.513308291330604e-06  | 3.6213610906085953e-07 | 4394.111733712248  |
|  0.4200000000000002  | 2.4848346284144394e-06 | 3.608207744451908e-07  |  4477.38430298631  |
|  0.4300000000000002  | 2.4544683724059062e-06 | 3.5948766277131544e-07 | 4557.836097719912  |
|  0.4400000000000002  | 2.422155772269758e-06  | 3.5813832813363514e-07 | 4635.3002472049975 |
| 0.45000000000000023  | 2.387847212539375e-06  | 3.5677440344818993e-07 | 4709.609117817367  |
| 0.46000000000000024  | 2.3514978337999933e-06 | 3.5539759881479666e-07 | 4780.595232448729  |
| 0.47000000000000025  | 2.313068190649664e-06  | 3.540096992336424e-07  | 4848.092270647199  |
| 0.48000000000000026  | 2.2725249473128463e-06 | 3.5261256164195526e-07 | 4911.936148856283  |
| 0.49000000000000027  | 2.229841610727458e-06  | 3.5120811124066245e-07 | 4971.966179157732  |
|  0.5000000000000002  | 2.184999300494738e-06  | 3.497983370861856e-07  | 5028.026303808716  |
|  0.5100000000000002  | 2.137987554558579e-06  | 3.483852869287571e-07  | 5079.9664016126035 |
|  0.5200000000000002  | 2.0888051688511397e-06 | 3.4697106128590557e-07 | 5127.643660770852  |
|  0.5300000000000002  | 2.0374610683860677e-06 | 3.4555780674806505e-07 | 5170.924011327986  |
|  0.5400000000000003  | 1.983975206378325e-06  | 3.441477085226123e-07  |  5209.68360864146  |
|  0.5500000000000003  | 1.928379486896235e-06  | 3.4274298223299836e-07 | 5243.810357484954  |
|  0.5600000000000003  | 1.870718705279531e-06  | 3.413458650009647e-07  | 5273.2054644321315 |
|  0.5700000000000003  | 1.8110514990556355e-06 | 3.399586058520331e-07  | 5297.785004076717  |
|  0.5800000000000003  | 1.7494513003208695e-06 | 3.3858345549741257e-07 | 5317.481482437478  |
|  0.5900000000000003  | 1.6860072784855076e-06 |  3.37222655559022e-07  | 5332.245378592374  |
|  0.6000000000000003  | 1.6208252598700386e-06 | 3.358784273182749e-07  | 5342.046643210893  |
|  0.6100000000000003  | 1.554028607841013e-06  | 3.3455296008337936e-07 | 5346.876130241507  |
|  0.6200000000000003  | 1.4857590439425175e-06 | 3.332483992838685e-07  |  5346.74693560607  |
|  0.6300000000000003  | 1.4161773867691487e-06 | 3.3196683441456167e-07 | 5341.695614409721  |
|  0.6400000000000003  | 1.3454641810961303e-06 | 3.3071028696377416e-07 |  5331.78324596139  |
|  0.6500000000000004  | 1.2738201849987727e-06 | 3.294806984719046e-07  | 5317.096313899216  |
|  0.6600000000000004  | 1.2014666773364622e-06 | 3.2827991887606547e-07 | 5297.747367026799  |
|  0.6700000000000004  | 1.128645542049752e-06  | 3.271096953036604e-07  | 5273.875425209144  |
|  0.6800000000000004  | 1.0556190792616827e-06 | 3.2597166148222326e-07 | 5245.646093991252  |
|  0.6900000000000004  | 9.826694862783509e-07  | 3.2486732793385855e-07 | 5213.2513516504205 |
|  0.7000000000000004  | 9.100979444168399e-07  |  3.23798073119715e-07  | 5176.908973362199  |
|  0.7100000000000004  |  8.3822324042581e-07   | 3.2276513569256337e-07 | 5136.861559261177  |
|  0.7200000000000004  |  7.67379844527063e-07  | 3.2176960800326257e-07 | 5093.375136646336  |
|  0.7300000000000004  | 6.979153614156442e-07  | 3.208124309893003e-07  | 5046.737311672191  |
|  0.7400000000000004  | 6.301872667949346e-07  | 3.1989439055042237e-07 |  4997.25495285157  |
|  0.7500000000000004  | 5.645588414164404e-07  | 3.190161154875181e-07  |  4945.25139784751  |
|  0.7600000000000005  | 5.013942187986448e-07  | 3.181780770465165e-07  | 4891.063186612058  |
|  0.7700000000000005  | 4.4105247400383046e-07 | 3.1738059006944444e-07 | 4835.036338163011  |
|  0.7800000000000005  | 3.8388070187229356e-07 | 3.166238157106823e-07  | 4777.522205327504  |
|  0.7900000000000005  | 3.302060674643371e-07  | 3.159077656288661e-07  | 4718.8729616542605 |
|  0.8000000000000005  | 2.803268633615502e-07  | 3.152323075152711e-07  | 4659.436797247106  |
|  0.8100000000000005  | 2.3450268273002453e-07 | 3.1459717176972815e-07 |  4599.55292507203  |
|  0.8200000000000005  | 1.9294391866726408e-07 |  3.14001959087466e-07  |  4539.54652553187  |
|  0.8300000000000005  | 1.558009338175255e-07  | 3.1344614867742396e-07 | 4479.723783477842  |
|  0.8400000000000005  | 1.2315341209406608e-07 | 3.129291067975366e-07  | 4420.367196389962  |
|  0.8500000000000005  | 9.500060489788007e-08  | 3.124500952684274e-07  | 4361.731352498612  |
|  0.8600000000000005  | 7.125340796280103e-08  | 3.120082796169817e-07  |  4304.03938957603  |
|  0.8700000000000006  | 5.172942945574132e-08  | 3.1160273650816215e-07 |  4247.48034460347  |
|  0.8800000000000006  | 3.615239327806164e-08  | 3.112324601491806e-07  | 4192.207586492843  |
|  0.8900000000000006  | 2.4157295044320887e-08 | 3.1089636739550913e-07 | 4138.338483387583  |
|  0.9000000000000006  | 1.530259168683061e-08  | 3.105933013521868e-07  | 4085.955388571861  |
|  0.9100000000000006  | 9.090230266208763e-09  | 3.103220333432055e-07  | 4035.107933015377  |
|  0.9200000000000006  | 4.993372336939664e-09  | 3.100812632106334e-07  | 3985.816491283811  |
|  0.9300000000000006  | 2.4901636279318304e-09 | 3.0986961799525227e-07 | 3938.076551817871  |
|  0.9400000000000006  | 1.0999130944505955e-09 | 3.0968564913171676e-07 | 3891.8635933607834 |
|  0.9500000000000006  | 4.159820429932343e-10  | 3.0952782835304233e-07 | 3847.1379778872188 |
|  0.9600000000000006  | 1.2841713779360926e-10 | 3.0939454253296833e-07 | 3803.8493537505383 |
|  0.9700000000000006  | 3.018208160856597e-11  | 3.092840876964454e-07  | 3761.9401509804256 |
|  0.9800000000000006  | 4.859124479821154e-12  | 3.0919466240129435e-07 | 3721.347946008229  |
|  0.9900000000000007  | 4.5279903326915893e-13 | 3.091243606487198e-07  | 3682.0067292677363 |
|  1.0000000000000007  | 1.8350622152511464e-14 | 3.090711644325091e-07  | 3643.847331585422  |
+----------------------+------------------------+------------------------+--------------------+