100 12425400 19784300 9195000 10788300 11368300 20337000 36223000 75795700 
200 57196100 48397400 26207600 20132300 26774500 24679700 40543400 95024500 
300 100969200 116046900 62628100 49124100 33689400 46093600 84350400 161592200 
400 208721600 178383000 106824500 67413900 48651300 70594400 72970900 91430500 
500 371288600 356612200 167492500 93762300 69540900 77971700 92289100 127187500 
600 352684600 351363400 185352400 113506100 92666500 94043100 112367000 153838600 
700 465653300 505193100 273963000 179708400 114861500 120690500 116059500 145989100 
800 667016200 691974400 329923200 207449800 153940600 158781200 146611500 166835900 
900 816202600 833838500 535079800 339623200 209253300 213478400 170867700 203495600 
1000 1088375100 1033076900 516138400 328037300 227280900 215554100 215747200 242177600 
1100 1337836400 1250382600 675412000 400943200 272289200 256202000 266756400 268335800 
1200 1594835400 1456563700 889663800 530942800 319695500 312893600 363414400 300888900 
1300 1717261900 1568502700 831575100 515935200 354450100 348070800 351017300 369084100 
1400 2108169500 1969253100 1131624200 618906200 433213200 414077100 390236400 414726200 
1500 2260431700 2216947700 1108009200 700470800 479023100 419359100 425682400 432294900 
1600 2523659400 2669804500 1452226200 816493000 575422700 481611000 498552600 567603400 
1700 3079085200 2884566200 1621923000 1095617400 672541900 580502700 555066100 628766700 
1800 3640474300 3399865300 1823190300 936405700 697535100 599961300 648145100 644392200 
1900 3826547100 3734331500 1887554500 1253426600 779033200 698288700 708971500 769781400 
2000 4566197300 4477272000 2388099200 1327763000 882041200 725615300 725340000 769852300 